34
6
6
1
11
8
0
0
9
11
0
0
7
68
10
0
5
44
10
0
3
7
2
0
1
lol
44
10
0
david
4
4
1
daad
2
0
0
da
68
10
0

18
10
0
-842150451
-842150451
-842150451
-842150451
-842150451
-842150451
-842150451
-842150451
-842150451
-842150451
-842150451
-842150451
-842150451
-842150451
-842150451
-842150451
-842150451
-842150451
-842150451
-842150451
-842150451
-842150451
-842150451
-842150451
-842150451
-842150451
-842150451
-842150451
-842150451
-842150451
-842150451
-842150451
-842150451
-842150451
-842150451
-842150451
-842150451
-842150451
-842150451
-842150451
-842150451
-842150451
-842150451
-842150451
-842150451
-842150451
-842150451
-842150451
-842150451
-842150451
-842150451
-842150451
-842150451
-842150451
-842150451
-842150451
-842150451
-842150451
-842150451
-842150451
-842150451
-842150451
-842150451
-842150451
-842150451
-842150451
-842150451
-842150451
-842150451
-842150451
-842150451
-842150451
-842150451
-842150451
-842150451
-842150451
-842150451
-842150451
-842150451
-842150451
-842150451
-842150451
-842150451
-842150451
-842150451
-842150451
-842150451
-842150451
-842150451
-842150451
-842150451
-842150451
